001
010
011
013
014
015
016
020
035
050
067
070
074
078
080
081
082
090
098
105
115
117
119
122
125
126
136
140
146
155
158
160
165
175
180
185
189
190
192
193
195
198
202
203
206
207
211
214
216
220
300
332
351
354
355
356
358
359
360
370
373
374
375
377
381
382
390
400
420
440
447
450
460
470
489
490
501
505
506
508
510
512
522
533
535
540
547
550
554
556
557
558
560
563
565
567
573
574
575
580
590
595
607
615
620
628
630
635
640
650
652
660
667
670
680
685
690
691
692
694
700
701
705
709
713
715
718
720
721
725
730
745
750
762
775
776
787
790
799
810
830
832
833
840
843
851
860
888
902
904
910
920
940
956
959
960
965
966
967
971
988